(kicad_pcb (version 20171130) (host pcbnew "(5.1.5)-3")

  (general
    (thickness 1.6)
    (drawings 498)
    (tracks 924)
    (zones 0)
    (modules 65)
    (nets 5)
  )

  (page A4)
  (layers
    (0 F.Cu signal)
    (31 B.Cu signal)
    (32 B.Adhes user)
    (33 F.Adhes user)
    (34 B.Paste user)
    (35 F.Paste user)
    (36 B.SilkS user)
    (37 F.SilkS user)
    (38 B.Mask user)
    (39 F.Mask user)
    (40 Dwgs.User user)
    (41 Cmts.User user)
    (42 Eco1.User user)
    (43 Eco2.User user)
    (44 Edge.Cuts user)
    (45 Margin user)
    (46 B.CrtYd user)
    (47 F.CrtYd user)
    (48 B.Fab user)
    (49 F.Fab user)
  )

  (setup
    (last_trace_width 0.25)
    (user_trace_width 0.4)
    (user_trace_width 0.5)
    (user_trace_width 0.6)
    (trace_clearance 0.2)
    (zone_clearance 0.2)
    (zone_45_only no)
    (trace_min 0.2)
    (via_size 0.8)
    (via_drill 0.4)
    (via_min_size 0.4)
    (via_min_drill 0.3)
    (uvia_size 0.3)
    (uvia_drill 0.1)
    (uvias_allowed no)
    (uvia_min_size 0.2)
    (uvia_min_drill 0.1)
    (edge_width 0.1)
    (segment_width 0.2)
    (pcb_text_width 0.3)
    (pcb_text_size 1.5 1.5)
    (mod_edge_width 0.15)
    (mod_text_size 1 1)
    (mod_text_width 0.15)
    (pad_size 1.524 1.524)
    (pad_drill 0.762)
    (pad_to_mask_clearance 0)
    (aux_axis_origin 0 0)
    (visible_elements 7FFFFFFF)
    (pcbplotparams
      (layerselection 0x010fc_ffffffff)
      (usegerberextensions false)
      (usegerberattributes false)
      (usegerberadvancedattributes false)
      (creategerberjobfile false)
      (excludeedgelayer true)
      (linewidth 0.100000)
      (plotframeref false)
      (viasonmask false)
      (mode 1)
      (useauxorigin false)
      (hpglpennumber 1)
      (hpglpenspeed 20)
      (hpglpendiameter 15.000000)
      (psnegative false)
      (psa4output false)
      (plotreference true)
      (plotvalue true)
      (plotinvisibletext false)
      (padsonsilk false)
      (subtractmaskfromsilk false)
      (outputformat 1)
      (mirror false)
      (drillshape 0)
      (scaleselection 1)
      (outputdirectory "D:/Dropbox/proiecte/Voltlog T10 LED/C5W LED 3528 series/panel/gerbers/"))
  )

  (net 0 "")
  (net 1 +12V)
  (net 2 GND)
  (net 3 "Net-(D1-Pad1)")
  (net 4 "Net-(D2-Pad1)")

  (net_class Default "This is the default net class."
    (clearance 0.2)
    (trace_width 0.25)
    (via_dia 0.8)
    (via_drill 0.4)
    (uvia_dia 0.3)
    (uvia_drill 0.1)
    (add_net +12V)
    (add_net GND)
    (add_net "Net-(D1-Pad1)")
    (add_net "Net-(D2-Pad1)")
  )

  (module Fiducial:Fiducial_0.75mm_Mask1.5mm (layer F.Cu) (tedit 5C18CB26) (tstamp 5F413292)
    (at 125.4 51.7)
    (descr "Circular Fiducial, 0.75mm bare copper, 1.5mm soldermask opening (Level B)")
    (tags fiducial)
    (attr smd)
    (fp_text reference REF** (at 0 -2) (layer F.SilkS) hide
      (effects (font (size 1 1) (thickness 0.15)))
    )
    (fp_text value Fiducial_0.75mm_Mask1.5mm (at 0 2) (layer F.Fab)
      (effects (font (size 1 1) (thickness 0.15)))
    )
    (fp_circle (center 0 0) (end 1 0) (layer F.CrtYd) (width 0.05))
    (fp_text user %R (at 0 0) (layer F.Fab)
      (effects (font (size 0.3 0.3) (thickness 0.05)))
    )
    (fp_circle (center 0 0) (end 0.75 0) (layer F.Fab) (width 0.1))
    (pad "" smd circle (at 0 0) (size 0.75 0.75) (layers F.Cu F.Mask)
      (solder_mask_margin 0.375) (clearance 0.375))
  )

  (module Fiducial:Fiducial_0.75mm_Mask1.5mm (layer F.Cu) (tedit 5C18CB26) (tstamp 5F413284)
    (at 170.2 131.4)
    (descr "Circular Fiducial, 0.75mm bare copper, 1.5mm soldermask opening (Level B)")
    (tags fiducial)
    (attr smd)
    (fp_text reference REF** (at 0 -2) (layer F.SilkS) hide
      (effects (font (size 1 1) (thickness 0.15)))
    )
    (fp_text value Fiducial_0.75mm_Mask1.5mm (at 0 2) (layer F.Fab)
      (effects (font (size 1 1) (thickness 0.15)))
    )
    (fp_circle (center 0 0) (end 0.75 0) (layer F.Fab) (width 0.1))
    (fp_text user %R (at 0 0) (layer F.Fab)
      (effects (font (size 0.3 0.3) (thickness 0.05)))
    )
    (fp_circle (center 0 0) (end 1 0) (layer F.CrtYd) (width 0.05))
    (pad "" smd circle (at 0 0) (size 0.75 0.75) (layers F.Cu F.Mask)
      (solder_mask_margin 0.375) (clearance 0.375))
  )

  (module Fiducial:Fiducial_0.75mm_Mask1.5mm (layer F.Cu) (tedit 5C18CB26) (tstamp 5F413281)
    (at 214.5 55.1)
    (descr "Circular Fiducial, 0.75mm bare copper, 1.5mm soldermask opening (Level B)")
    (tags fiducial)
    (attr smd)
    (fp_text reference REF** (at 0 -2) (layer F.SilkS) hide
      (effects (font (size 1 1) (thickness 0.15)))
    )
    (fp_text value Fiducial_0.75mm_Mask1.5mm (at 0 2) (layer F.Fab)
      (effects (font (size 1 1) (thickness 0.15)))
    )
    (fp_circle (center 0 0) (end 1 0) (layer F.CrtYd) (width 0.05))
    (fp_text user %R (at 0 0) (layer F.Fab)
      (effects (font (size 0.3 0.3) (thickness 0.05)))
    )
    (fp_circle (center 0 0) (end 0.75 0) (layer F.Fab) (width 0.1))
    (pad "" smd circle (at 0 0) (size 0.75 0.75) (layers F.Cu F.Mask)
      (solder_mask_margin 0.375) (clearance 0.375))
  )

  (module Voltlog:mouse_bite_3mm (layer F.Cu) (tedit 5E83545C) (tstamp 5F41243F)
    (at 210.5 110.2 90)
    (fp_text reference REF** (at 0 3.5 90) (layer F.SilkS) hide
      (effects (font (size 1 1) (thickness 0.15)))
    )
    (fp_text value mouse_bite_3mm (at 0 -3.5 90) (layer F.Fab) hide
      (effects (font (size 1 1) (thickness 0.15)))
    )
    (fp_arc (start 1.6 -1) (end 1.6 -1.5) (angle -90) (layer Eco1.User) (width 0.1))
    (fp_arc (start 1.6 1) (end 1.1 1) (angle -90) (layer Eco1.User) (width 0.1))
    (fp_line (start 1.1 1) (end 1.1 -1) (layer Eco1.User) (width 0.1))
    (fp_line (start 1.6 1.5) (end 2.1 1.5) (layer Eco1.User) (width 0.1))
    (fp_line (start 1.6 -1.5) (end 2.1 -1.5) (layer Eco1.User) (width 0.1))
    (fp_line (start -1.6 -1.5) (end -2.1 -1.5) (layer Eco1.User) (width 0.1))
    (fp_arc (start -1.6 1) (end -1.6 1.5) (angle -90) (layer Eco1.User) (width 0.1))
    (fp_arc (start -1.6 -1) (end -1.1 -1) (angle -90) (layer Eco1.User) (width 0.1))
    (fp_line (start -1.1 -1) (end -1.1 1) (layer Eco1.User) (width 0.1))
    (fp_line (start -1.6 1.5) (end -2.1 1.5) (layer Eco1.User) (width 0.1))
    (pad "" np_thru_hole circle (at 0 -1.3 90) (size 0.5 0.5) (drill 0.5) (layers *.Cu *.Mask))
    (pad "" np_thru_hole circle (at 0.8 -1.3 90) (size 0.5 0.5) (drill 0.5) (layers *.Cu *.Mask))
    (pad "" np_thru_hole circle (at -0.8 -1.3 90) (size 0.5 0.5) (drill 0.5) (layers *.Cu *.Mask))
    (pad "" np_thru_hole circle (at 0 1.3 90) (size 0.5 0.5) (drill 0.5) (layers *.Cu *.Mask))
    (pad "" np_thru_hole circle (at 0.8 1.3 90) (size 0.5 0.5) (drill 0.5) (layers *.Cu *.Mask))
    (pad "" np_thru_hole circle (at -0.8 1.3 90) (size 0.5 0.5) (drill 0.5) (layers *.Cu *.Mask))
  )

  (module Diode_SMD:D_PowerDI-123 (layer F.Cu) (tedit 588FC24C) (tstamp 5F412427)
    (at 203.7 97.55 270)
    (descr http://www.diodes.com/_files/datasheets/ds30497.pdf)
    (tags "PowerDI diode vishay")
    (path /5E78B04E)
    (attr smd)
    (fp_text reference U1 (at 0 -2 90) (layer F.SilkS)
      (effects (font (size 1 1) (thickness 0.15)))
    )
    (fp_text value AL5809 (at 0 2.5 90) (layer F.Fab)
      (effects (font (size 1 1) (thickness 0.15)))
    )
    (fp_text user %R (at 0 -2 90) (layer F.Fab)
      (effects (font (size 1 1) (thickness 0.15)))
    )
    (fp_line (start 0.3 0) (end 0.7 0) (layer F.Fab) (width 0.1))
    (fp_line (start 0.3 -0.5) (end -0.5 0) (layer F.Fab) (width 0.1))
    (fp_line (start 0.3 0.5) (end 0.3 -0.5) (layer F.Fab) (width 0.1))
    (fp_line (start -0.5 0) (end 0.3 0.5) (layer F.Fab) (width 0.1))
    (fp_line (start -0.5 0) (end -0.5 0.5) (layer F.Fab) (width 0.1))
    (fp_line (start -0.5 0) (end -0.5 -0.5) (layer F.Fab) (width 0.1))
    (fp_line (start -0.8 0) (end -0.5 0) (layer F.Fab) (width 0.1))
    (fp_line (start -1.4 0.9) (end -1.4 -0.9) (layer F.Fab) (width 0.1))
    (fp_line (start 1.4 0.9) (end -1.4 0.9) (layer F.Fab) (width 0.1))
    (fp_line (start 1.4 -0.9) (end 1.4 0.9) (layer F.Fab) (width 0.1))
    (fp_line (start -1.4 -0.9) (end 1.4 -0.9) (layer F.Fab) (width 0.1))
    (fp_line (start 2.5 1.3) (end -2.5 1.3) (layer F.CrtYd) (width 0.05))
    (fp_line (start 2.5 -1.3) (end 2.5 1.3) (layer F.CrtYd) (width 0.05))
    (fp_line (start -2.5 -1.3) (end 2.5 -1.3) (layer F.CrtYd) (width 0.05))
    (fp_line (start -2.5 1.3) (end -2.5 -1.3) (layer F.CrtYd) (width 0.05))
    (fp_line (start 1 -1) (end -2.2 -1) (layer F.SilkS) (width 0.12))
    (fp_line (start -2.2 1) (end 1 1) (layer F.SilkS) (width 0.12))
    (fp_line (start -2.2 1) (end -2.2 -1) (layer F.SilkS) (width 0.12))
    (pad 1 smd rect (at -0.85 0 90) (size 2.4 1.5) (layers F.Cu F.Paste F.Mask)
      (net 2 GND))
    (pad 2 smd rect (at 1.525 0 90) (size 1.05 1.5) (layers F.Cu F.Paste F.Mask)
      (net 4 "Net-(D2-Pad1)"))
    (model ${KISYS3DMOD}/Diode_SMD.3dshapes/D_PowerDI-123.wrl
      (at (xyz 0 0 0))
      (scale (xyz 1 1 1))
      (rotate (xyz 0 0 0))
    )
  )

  (module Voltlog:mouse_bite_3mm (layer F.Cu) (tedit 5E83545C) (tstamp 5F412414)
    (at 156.5 110.2 90)
    (fp_text reference REF** (at 0 3.5 90) (layer F.SilkS) hide
      (effects (font (size 1 1) (thickness 0.15)))
    )
    (fp_text value mouse_bite_3mm (at 0 -3.5 90) (layer F.Fab) hide
      (effects (font (size 1 1) (thickness 0.15)))
    )
    (fp_arc (start 1.6 -1) (end 1.6 -1.5) (angle -90) (layer Eco1.User) (width 0.1))
    (fp_arc (start 1.6 1) (end 1.1 1) (angle -90) (layer Eco1.User) (width 0.1))
    (fp_line (start 1.1 1) (end 1.1 -1) (layer Eco1.User) (width 0.1))
    (fp_line (start 1.6 1.5) (end 2.1 1.5) (layer Eco1.User) (width 0.1))
    (fp_line (start 1.6 -1.5) (end 2.1 -1.5) (layer Eco1.User) (width 0.1))
    (fp_line (start -1.6 -1.5) (end -2.1 -1.5) (layer Eco1.User) (width 0.1))
    (fp_arc (start -1.6 1) (end -1.6 1.5) (angle -90) (layer Eco1.User) (width 0.1))
    (fp_arc (start -1.6 -1) (end -1.1 -1) (angle -90) (layer Eco1.User) (width 0.1))
    (fp_line (start -1.1 -1) (end -1.1 1) (layer Eco1.User) (width 0.1))
    (fp_line (start -1.6 1.5) (end -2.1 1.5) (layer Eco1.User) (width 0.1))
    (pad "" np_thru_hole circle (at 0 -1.3 90) (size 0.5 0.5) (drill 0.5) (layers *.Cu *.Mask))
    (pad "" np_thru_hole circle (at 0.8 -1.3 90) (size 0.5 0.5) (drill 0.5) (layers *.Cu *.Mask))
    (pad "" np_thru_hole circle (at -0.8 -1.3 90) (size 0.5 0.5) (drill 0.5) (layers *.Cu *.Mask))
    (pad "" np_thru_hole circle (at 0 1.3 90) (size 0.5 0.5) (drill 0.5) (layers *.Cu *.Mask))
    (pad "" np_thru_hole circle (at 0.8 1.3 90) (size 0.5 0.5) (drill 0.5) (layers *.Cu *.Mask))
    (pad "" np_thru_hole circle (at -0.8 1.3 90) (size 0.5 0.5) (drill 0.5) (layers *.Cu *.Mask))
  )

  (module Voltlog:mouse_bite_3mm (layer F.Cu) (tedit 5E83545C) (tstamp 5F412401)
    (at 143 110.2 90)
    (fp_text reference REF** (at 0 3.5 90) (layer F.SilkS) hide
      (effects (font (size 1 1) (thickness 0.15)))
    )
    (fp_text value mouse_bite_3mm (at 0 -3.5 90) (layer F.Fab) hide
      (effects (font (size 1 1) (thickness 0.15)))
    )
    (fp_line (start -1.6 1.5) (end -2.1 1.5) (layer Eco1.User) (width 0.1))
    (fp_line (start -1.1 -1) (end -1.1 1) (layer Eco1.User) (width 0.1))
    (fp_arc (start -1.6 -1) (end -1.1 -1) (angle -90) (layer Eco1.User) (width 0.1))
    (fp_arc (start -1.6 1) (end -1.6 1.5) (angle -90) (layer Eco1.User) (width 0.1))
    (fp_line (start -1.6 -1.5) (end -2.1 -1.5) (layer Eco1.User) (width 0.1))
    (fp_line (start 1.6 -1.5) (end 2.1 -1.5) (layer Eco1.User) (width 0.1))
    (fp_line (start 1.6 1.5) (end 2.1 1.5) (layer Eco1.User) (width 0.1))
    (fp_line (start 1.1 1) (end 1.1 -1) (layer Eco1.User) (width 0.1))
    (fp_arc (start 1.6 1) (end 1.1 1) (angle -90) (layer Eco1.User) (width 0.1))
    (fp_arc (start 1.6 -1) (end 1.6 -1.5) (angle -90) (layer Eco1.User) (width 0.1))
    (pad "" np_thru_hole circle (at -0.8 1.3 90) (size 0.5 0.5) (drill 0.5) (layers *.Cu *.Mask))
    (pad "" np_thru_hole circle (at 0.8 1.3 90) (size 0.5 0.5) (drill 0.5) (layers *.Cu *.Mask))
    (pad "" np_thru_hole circle (at 0 1.3 90) (size 0.5 0.5) (drill 0.5) (layers *.Cu *.Mask))
    (pad "" np_thru_hole circle (at -0.8 -1.3 90) (size 0.5 0.5) (drill 0.5) (layers *.Cu *.Mask))
    (pad "" np_thru_hole circle (at 0.8 -1.3 90) (size 0.5 0.5) (drill 0.5) (layers *.Cu *.Mask))
    (pad "" np_thru_hole circle (at 0 -1.3 90) (size 0.5 0.5) (drill 0.5) (layers *.Cu *.Mask))
  )

  (module Capacitor_SMD:C_1206_3216Metric (layer B.Cu) (tedit 5B301BBE) (tstamp 5F4123F1)
    (at 163.2 109.95 90)
    (descr "Capacitor SMD 1206 (3216 Metric), square (rectangular) end terminal, IPC_7351 nominal, (Body size source: http://www.tortai-tech.com/upload/download/2011102023233369053.pdf), generated with kicad-footprint-generator")
    (tags capacitor)
    (path /5E789C24)
    (attr smd)
    (fp_text reference C1 (at 0 1.82 90) (layer B.SilkS)
      (effects (font (size 1 1) (thickness 0.15)) (justify mirror))
    )
    (fp_text value "4.7uF 50V" (at 0 -1.82 90) (layer B.Fab)
      (effects (font (size 1 1) (thickness 0.15)) (justify mirror))
    )
    (fp_text user %R (at 0.194999 -3.204999 90) (layer B.Fab)
      (effects (font (size 0.8 0.8) (thickness 0.12)) (justify mirror))
    )
    (fp_line (start 2.28 -1.12) (end -2.28 -1.12) (layer B.CrtYd) (width 0.05))
    (fp_line (start 2.28 1.12) (end 2.28 -1.12) (layer B.CrtYd) (width 0.05))
    (fp_line (start -2.28 1.12) (end 2.28 1.12) (layer B.CrtYd) (width 0.05))
    (fp_line (start -2.28 -1.12) (end -2.28 1.12) (layer B.CrtYd) (width 0.05))
    (fp_line (start -0.602064 -0.91) (end 0.602064 -0.91) (layer B.SilkS) (width 0.12))
    (fp_line (start -0.602064 0.91) (end 0.602064 0.91) (layer B.SilkS) (width 0.12))
    (fp_line (start 1.6 -0.8) (end -1.6 -0.8) (layer B.Fab) (width 0.1))
    (fp_line (start 1.6 0.8) (end 1.6 -0.8) (layer B.Fab) (width 0.1))
    (fp_line (start -1.6 0.8) (end 1.6 0.8) (layer B.Fab) (width 0.1))
    (fp_line (start -1.6 -0.8) (end -1.6 0.8) (layer B.Fab) (width 0.1))
    (pad 2 smd roundrect (at 1.4 0 90) (size 1.25 1.75) (layers B.Cu B.Paste B.Mask) (roundrect_rratio 0.2)
      (net 2 GND))
    (pad 1 smd roundrect (at -1.4 0 90) (size 1.25 1.75) (layers B.Cu B.Paste B.Mask) (roundrect_rratio 0.2)
      (net 1 +12V))
    (model ${KISYS3DMOD}/Capacitor_SMD.3dshapes/C_1206_3216Metric.wrl
      (at (xyz 0 0 0))
      (scale (xyz 1 1 1))
      (rotate (xyz 0 0 0))
    )
  )

  (module LED_SMD:LED_PLCC_2835 (layer F.Cu) (tedit 5C652239) (tstamp 5F4123DF)
    (at 149.7 114.15 270)
    (descr https://www.luckylight.cn/media/component/data-sheet/R2835BC-B2M-M10.pdf)
    (tags LED)
    (path /5E785107)
    (attr smd)
    (fp_text reference D1 (at 0 -2.4 90) (layer F.SilkS) hide
      (effects (font (size 1 1) (thickness 0.15)))
    )
    (fp_text value LED (at 0 2.475 90) (layer F.Fab)
      (effects (font (size 1 1) (thickness 0.15)))
    )
    (fp_line (start -1.05 -1.4) (end -1.75 -0.7) (layer F.Fab) (width 0.1))
    (fp_line (start -2.2 -1.6) (end -2.2 1.6) (layer F.SilkS) (width 0.12))
    (fp_text user %R (at 0 0 90) (layer F.Fab)
      (effects (font (size 0.9 0.9) (thickness 0.135)))
    )
    (fp_line (start 1.75 1.4) (end -1.75 1.4) (layer F.Fab) (width 0.1))
    (fp_line (start -1.75 1.4) (end -1.75 -0.7) (layer F.Fab) (width 0.1))
    (fp_line (start -1.05 -1.4) (end 1.75 -1.4) (layer F.Fab) (width 0.1))
    (fp_line (start 1.75 -1.4) (end 1.75 1.4) (layer F.Fab) (width 0.1))
    (fp_line (start 1.4 1.6) (end -2.2 1.6) (layer F.SilkS) (width 0.12))
    (fp_line (start 1.4 -1.6) (end -2.2 -1.6) (layer F.SilkS) (width 0.12))
    (fp_line (start 2.25 1.65) (end -2.25 1.65) (layer F.CrtYd) (width 0.05))
    (fp_line (start -2.25 1.65) (end -2.25 -1.65) (layer F.CrtYd) (width 0.05))
    (fp_line (start -2.25 -1.65) (end 2.25 -1.65) (layer F.CrtYd) (width 0.05))
    (fp_line (start 2.25 -1.65) (end 2.25 1.65) (layer F.CrtYd) (width 0.05))
    (pad 2 smd rect (at 1.375 0 270) (size 1.25 2.2) (layers F.Cu F.Paste F.Mask)
      (net 1 +12V))
    (pad 1 smd rect (at -0.9 0 270) (size 2.2 2.2) (layers F.Cu F.Paste F.Mask)
      (net 3 "Net-(D1-Pad1)"))
    (model D:/Dropbox/Kicad/libraries/3d_smd_leds/luxeon_2835.wrl
      (at (xyz 0 0 0))
      (scale (xyz 1 1 1))
      (rotate (xyz 0 0 0))
    )
  )

  (module LED_SMD:LED_PLCC_2835 (layer F.Cu) (tedit 5C652239) (tstamp 5F4123CD)
    (at 203.7 114.15 270)
    (descr https://www.luckylight.cn/media/component/data-sheet/R2835BC-B2M-M10.pdf)
    (tags LED)
    (path /5E785107)
    (attr smd)
    (fp_text reference D1 (at 0 -2.4 90) (layer F.SilkS) hide
      (effects (font (size 1 1) (thickness 0.15)))
    )
    (fp_text value LED (at 0 2.475 90) (layer F.Fab)
      (effects (font (size 1 1) (thickness 0.15)))
    )
    (fp_line (start -1.05 -1.4) (end -1.75 -0.7) (layer F.Fab) (width 0.1))
    (fp_line (start -2.2 -1.6) (end -2.2 1.6) (layer F.SilkS) (width 0.12))
    (fp_text user %R (at 0 0 90) (layer F.Fab)
      (effects (font (size 0.9 0.9) (thickness 0.135)))
    )
    (fp_line (start 1.75 1.4) (end -1.75 1.4) (layer F.Fab) (width 0.1))
    (fp_line (start -1.75 1.4) (end -1.75 -0.7) (layer F.Fab) (width 0.1))
    (fp_line (start -1.05 -1.4) (end 1.75 -1.4) (layer F.Fab) (width 0.1))
    (fp_line (start 1.75 -1.4) (end 1.75 1.4) (layer F.Fab) (width 0.1))
    (fp_line (start 1.4 1.6) (end -2.2 1.6) (layer F.SilkS) (width 0.12))
    (fp_line (start 1.4 -1.6) (end -2.2 -1.6) (layer F.SilkS) (width 0.12))
    (fp_line (start 2.25 1.65) (end -2.25 1.65) (layer F.CrtYd) (width 0.05))
    (fp_line (start -2.25 1.65) (end -2.25 -1.65) (layer F.CrtYd) (width 0.05))
    (fp_line (start -2.25 -1.65) (end 2.25 -1.65) (layer F.CrtYd) (width 0.05))
    (fp_line (start 2.25 -1.65) (end 2.25 1.65) (layer F.CrtYd) (width 0.05))
    (pad 2 smd rect (at 1.375 0 270) (size 1.25 2.2) (layers F.Cu F.Paste F.Mask)
      (net 1 +12V))
    (pad 1 smd rect (at -0.9 0 270) (size 2.2 2.2) (layers F.Cu F.Paste F.Mask)
      (net 3 "Net-(D1-Pad1)"))
    (model D:/Dropbox/Kicad/libraries/3d_smd_leds/luxeon_2835.wrl
      (at (xyz 0 0 0))
      (scale (xyz 1 1 1))
      (rotate (xyz 0 0 0))
    )
  )

  (module Voltlog:mouse_bite_3mm (layer F.Cu) (tedit 5E83545C) (tstamp 5F4123BA)
    (at 170 110.2 90)
    (fp_text reference REF** (at 0 3.5 90) (layer F.SilkS) hide
      (effects (font (size 1 1) (thickness 0.15)))
    )
    (fp_text value mouse_bite_3mm (at 0 -3.5 90) (layer F.Fab) hide
      (effects (font (size 1 1) (thickness 0.15)))
    )
    (fp_line (start -1.6 1.5) (end -2.1 1.5) (layer Eco1.User) (width 0.1))
    (fp_line (start -1.1 -1) (end -1.1 1) (layer Eco1.User) (width 0.1))
    (fp_arc (start -1.6 -1) (end -1.1 -1) (angle -90) (layer Eco1.User) (width 0.1))
    (fp_arc (start -1.6 1) (end -1.6 1.5) (angle -90) (layer Eco1.User) (width 0.1))
    (fp_line (start -1.6 -1.5) (end -2.1 -1.5) (layer Eco1.User) (width 0.1))
    (fp_line (start 1.6 -1.5) (end 2.1 -1.5) (layer Eco1.User) (width 0.1))
    (fp_line (start 1.6 1.5) (end 2.1 1.5) (layer Eco1.User) (width 0.1))
    (fp_line (start 1.1 1) (end 1.1 -1) (layer Eco1.User) (width 0.1))
    (fp_arc (start 1.6 1) (end 1.1 1) (angle -90) (layer Eco1.User) (width 0.1))
    (fp_arc (start 1.6 -1) (end 1.6 -1.5) (angle -90) (layer Eco1.User) (width 0.1))
    (pad "" np_thru_hole circle (at -0.8 1.3 90) (size 0.5 0.5) (drill 0.5) (layers *.Cu *.Mask))
    (pad "" np_thru_hole circle (at 0.8 1.3 90) (size 0.5 0.5) (drill 0.5) (layers *.Cu *.Mask))
    (pad "" np_thru_hole circle (at 0 1.3 90) (size 0.5 0.5) (drill 0.5) (layers *.Cu *.Mask))
    (pad "" np_thru_hole circle (at -0.8 -1.3 90) (size 0.5 0.5) (drill 0.5) (layers *.Cu *.Mask))
    (pad "" np_thru_hole circle (at 0.8 -1.3 90) (size 0.5 0.5) (drill 0.5) (layers *.Cu *.Mask))
    (pad "" np_thru_hole circle (at 0 -1.3 90) (size 0.5 0.5) (drill 0.5) (layers *.Cu *.Mask))
  )

  (module LED_SMD:LED_PLCC_2835 (layer F.Cu) (tedit 5C652239) (tstamp 5F4123A8)
    (at 163.2 114.15 270)
    (descr https://www.luckylight.cn/media/component/data-sheet/R2835BC-B2M-M10.pdf)
    (tags LED)
    (path /5E785107)
    (attr smd)
    (fp_text reference D1 (at 0 -2.4 90) (layer F.SilkS) hide
      (effects (font (size 1 1) (thickness 0.15)))
    )
    (fp_text value LED (at 0 2.475 90) (layer F.Fab)
      (effects (font (size 1 1) (thickness 0.15)))
    )
    (fp_line (start 2.25 -1.65) (end 2.25 1.65) (layer F.CrtYd) (width 0.05))
    (fp_line (start -2.25 -1.65) (end 2.25 -1.65) (layer F.CrtYd) (width 0.05))
    (fp_line (start -2.25 1.65) (end -2.25 -1.65) (layer F.CrtYd) (width 0.05))
    (fp_line (start 2.25 1.65) (end -2.25 1.65) (layer F.CrtYd) (width 0.05))
    (fp_line (start 1.4 -1.6) (end -2.2 -1.6) (layer F.SilkS) (width 0.12))
    (fp_line (start 1.4 1.6) (end -2.2 1.6) (layer F.SilkS) (width 0.12))
    (fp_line (start 1.75 -1.4) (end 1.75 1.4) (layer F.Fab) (width 0.1))
    (fp_line (start -1.05 -1.4) (end 1.75 -1.4) (layer F.Fab) (width 0.1))
    (fp_line (start -1.75 1.4) (end -1.75 -0.7) (layer F.Fab) (width 0.1))
    (fp_line (start 1.75 1.4) (end -1.75 1.4) (layer F.Fab) (width 0.1))
    (fp_text user %R (at 0 0 90) (layer F.Fab)
      (effects (font (size 0.9 0.9) (thickness 0.135)))
    )
    (fp_line (start -2.2 -1.6) (end -2.2 1.6) (layer F.SilkS) (width 0.12))
    (fp_line (start -1.05 -1.4) (end -1.75 -0.7) (layer F.Fab) (width 0.1))
    (pad 1 smd rect (at -0.9 0 270) (size 2.2 2.2) (layers F.Cu F.Paste F.Mask)
      (net 3 "Net-(D1-Pad1)"))
    (pad 2 smd rect (at 1.375 0 270) (size 1.25 2.2) (layers F.Cu F.Paste F.Mask)
      (net 1 +12V))
    (model D:/Dropbox/Kicad/libraries/3d_smd_leds/luxeon_2835.wrl
      (at (xyz 0 0 0))
      (scale (xyz 1 1 1))
      (rotate (xyz 0 0 0))
    )
  )

  (module Diode_SMD:D_PowerDI-123 (layer F.Cu) (tedit 588FC24C) (tstamp 5F412390)
    (at 149.7 97.55 270)
    (descr http://www.diodes.com/_files/datasheets/ds30497.pdf)
    (tags "PowerDI diode vishay")
    (path /5E78B04E)
    (attr smd)
    (fp_text reference U1 (at 0 -2 90) (layer F.SilkS)
      (effects (font (size 1 1) (thickness 0.15)))
    )
    (fp_text value AL5809 (at 0 2.5 90) (layer F.Fab)
      (effects (font (size 1 1) (thickness 0.15)))
    )
    (fp_text user %R (at 0 -2 90) (layer F.Fab)
      (effects (font (size 1 1) (thickness 0.15)))
    )
    (fp_line (start 0.3 0) (end 0.7 0) (layer F.Fab) (width 0.1))
    (fp_line (start 0.3 -0.5) (end -0.5 0) (layer F.Fab) (width 0.1))
    (fp_line (start 0.3 0.5) (end 0.3 -0.5) (layer F.Fab) (width 0.1))
    (fp_line (start -0.5 0) (end 0.3 0.5) (layer F.Fab) (width 0.1))
    (fp_line (start -0.5 0) (end -0.5 0.5) (layer F.Fab) (width 0.1))
    (fp_line (start -0.5 0) (end -0.5 -0.5) (layer F.Fab) (width 0.1))
    (fp_line (start -0.8 0) (end -0.5 0) (layer F.Fab) (width 0.1))
    (fp_line (start -1.4 0.9) (end -1.4 -0.9) (layer F.Fab) (width 0.1))
    (fp_line (start 1.4 0.9) (end -1.4 0.9) (layer F.Fab) (width 0.1))
    (fp_line (start 1.4 -0.9) (end 1.4 0.9) (layer F.Fab) (width 0.1))
    (fp_line (start -1.4 -0.9) (end 1.4 -0.9) (layer F.Fab) (width 0.1))
    (fp_line (start 2.5 1.3) (end -2.5 1.3) (layer F.CrtYd) (width 0.05))
    (fp_line (start 2.5 -1.3) (end 2.5 1.3) (layer F.CrtYd) (width 0.05))
    (fp_line (start -2.5 -1.3) (end 2.5 -1.3) (layer F.CrtYd) (width 0.05))
    (fp_line (start -2.5 1.3) (end -2.5 -1.3) (layer F.CrtYd) (width 0.05))
    (fp_line (start 1 -1) (end -2.2 -1) (layer F.SilkS) (width 0.12))
    (fp_line (start -2.2 1) (end 1 1) (layer F.SilkS) (width 0.12))
    (fp_line (start -2.2 1) (end -2.2 -1) (layer F.SilkS) (width 0.12))
    (pad 1 smd rect (at -0.85 0 90) (size 2.4 1.5) (layers F.Cu F.Paste F.Mask)
      (net 2 GND))
    (pad 2 smd rect (at 1.525 0 90) (size 1.05 1.5) (layers F.Cu F.Paste F.Mask)
      (net 4 "Net-(D2-Pad1)"))
    (model ${KISYS3DMOD}/Diode_SMD.3dshapes/D_PowerDI-123.wrl
      (at (xyz 0 0 0))
      (scale (xyz 1 1 1))
      (rotate (xyz 0 0 0))
    )
  )

  (module Capacitor_SMD:C_1206_3216Metric (layer B.Cu) (tedit 5B301BBE) (tstamp 5F412380)
    (at 149.7 109.95 90)
    (descr "Capacitor SMD 1206 (3216 Metric), square (rectangular) end terminal, IPC_7351 nominal, (Body size source: http://www.tortai-tech.com/upload/download/2011102023233369053.pdf), generated with kicad-footprint-generator")
    (tags capacitor)
    (path /5E789C24)
    (attr smd)
    (fp_text reference C1 (at 0 1.82 90) (layer B.SilkS)
      (effects (font (size 1 1) (thickness 0.15)) (justify mirror))
    )
    (fp_text value "4.7uF 50V" (at 0 -1.82 90) (layer B.Fab)
      (effects (font (size 1 1) (thickness 0.15)) (justify mirror))
    )
    (fp_line (start -1.6 -0.8) (end -1.6 0.8) (layer B.Fab) (width 0.1))
    (fp_line (start -1.6 0.8) (end 1.6 0.8) (layer B.Fab) (width 0.1))
    (fp_line (start 1.6 0.8) (end 1.6 -0.8) (layer B.Fab) (width 0.1))
    (fp_line (start 1.6 -0.8) (end -1.6 -0.8) (layer B.Fab) (width 0.1))
    (fp_line (start -0.602064 0.91) (end 0.602064 0.91) (layer B.SilkS) (width 0.12))
    (fp_line (start -0.602064 -0.91) (end 0.602064 -0.91) (layer B.SilkS) (width 0.12))
    (fp_line (start -2.28 -1.12) (end -2.28 1.12) (layer B.CrtYd) (width 0.05))
    (fp_line (start -2.28 1.12) (end 2.28 1.12) (layer B.CrtYd) (width 0.05))
    (fp_line (start 2.28 1.12) (end 2.28 -1.12) (layer B.CrtYd) (width 0.05))
    (fp_line (start 2.28 -1.12) (end -2.28 -1.12) (layer B.CrtYd) (width 0.05))
    (fp_text user %R (at 0.194999 -3.204999 90) (layer B.Fab)
      (effects (font (size 0.8 0.8) (thickness 0.12)) (justify mirror))
    )
    (pad 1 smd roundrect (at -1.4 0 90) (size 1.25 1.75) (layers B.Cu B.Paste B.Mask) (roundrect_rratio 0.2)
      (net 1 +12V))
    (pad 2 smd roundrect (at 1.4 0 90) (size 1.25 1.75) (layers B.Cu B.Paste B.Mask) (roundrect_rratio 0.2)
      (net 2 GND))
    (model ${KISYS3DMOD}/Capacitor_SMD.3dshapes/C_1206_3216Metric.wrl
      (at (xyz 0 0 0))
      (scale (xyz 1 1 1))
      (rotate (xyz 0 0 0))
    )
  )

  (module Voltlog:mouse_bite_3mm (layer F.Cu) (tedit 5E83545C) (tstamp 5F41236D)
    (at 197 110.2 90)
    (fp_text reference REF** (at 0 3.5 90) (layer F.SilkS) hide
      (effects (font (size 1 1) (thickness 0.15)))
    )
    (fp_text value mouse_bite_3mm (at 0 -3.5 90) (layer F.Fab) hide
      (effects (font (size 1 1) (thickness 0.15)))
    )
    (fp_line (start -1.6 1.5) (end -2.1 1.5) (layer Eco1.User) (width 0.1))
    (fp_line (start -1.1 -1) (end -1.1 1) (layer Eco1.User) (width 0.1))
    (fp_arc (start -1.6 -1) (end -1.1 -1) (angle -90) (layer Eco1.User) (width 0.1))
    (fp_arc (start -1.6 1) (end -1.6 1.5) (angle -90) (layer Eco1.User) (width 0.1))
    (fp_line (start -1.6 -1.5) (end -2.1 -1.5) (layer Eco1.User) (width 0.1))
    (fp_line (start 1.6 -1.5) (end 2.1 -1.5) (layer Eco1.User) (width 0.1))
    (fp_line (start 1.6 1.5) (end 2.1 1.5) (layer Eco1.User) (width 0.1))
    (fp_line (start 1.1 1) (end 1.1 -1) (layer Eco1.User) (width 0.1))
    (fp_arc (start 1.6 1) (end 1.1 1) (angle -90) (layer Eco1.User) (width 0.1))
    (fp_arc (start 1.6 -1) (end 1.6 -1.5) (angle -90) (layer Eco1.User) (width 0.1))
    (pad "" np_thru_hole circle (at -0.8 1.3 90) (size 0.5 0.5) (drill 0.5) (layers *.Cu *.Mask))
    (pad "" np_thru_hole circle (at 0.8 1.3 90) (size 0.5 0.5) (drill 0.5) (layers *.Cu *.Mask))
    (pad "" np_thru_hole circle (at 0 1.3 90) (size 0.5 0.5) (drill 0.5) (layers *.Cu *.Mask))
    (pad "" np_thru_hole circle (at -0.8 -1.3 90) (size 0.5 0.5) (drill 0.5) (layers *.Cu *.Mask))
    (pad "" np_thru_hole circle (at 0.8 -1.3 90) (size 0.5 0.5) (drill 0.5) (layers *.Cu *.Mask))
    (pad "" np_thru_hole circle (at 0 -1.3 90) (size 0.5 0.5) (drill 0.5) (layers *.Cu *.Mask))
  )

  (module Capacitor_SMD:C_1206_3216Metric (layer B.Cu) (tedit 5B301BBE) (tstamp 5F41235D)
    (at 190.2 109.95 90)
    (descr "Capacitor SMD 1206 (3216 Metric), square (rectangular) end terminal, IPC_7351 nominal, (Body size source: http://www.tortai-tech.com/upload/download/2011102023233369053.pdf), generated with kicad-footprint-generator")
    (tags capacitor)
    (path /5E789C24)
    (attr smd)
    (fp_text reference C1 (at 0 1.82 90) (layer B.SilkS)
      (effects (font (size 1 1) (thickness 0.15)) (justify mirror))
    )
    (fp_text value "4.7uF 50V" (at 0 -1.82 90) (layer B.Fab)
      (effects (font (size 1 1) (thickness 0.15)) (justify mirror))
    )
    (fp_text user %R (at 0.194999 -3.204999 90) (layer B.Fab)
      (effects (font (size 0.8 0.8) (thickness 0.12)) (justify mirror))
    )
    (fp_line (start 2.28 -1.12) (end -2.28 -1.12) (layer B.CrtYd) (width 0.05))
    (fp_line (start 2.28 1.12) (end 2.28 -1.12) (layer B.CrtYd) (width 0.05))
    (fp_line (start -2.28 1.12) (end 2.28 1.12) (layer B.CrtYd) (width 0.05))
    (fp_line (start -2.28 -1.12) (end -2.28 1.12) (layer B.CrtYd) (width 0.05))
    (fp_line (start -0.602064 -0.91) (end 0.602064 -0.91) (layer B.SilkS) (width 0.12))
    (fp_line (start -0.602064 0.91) (end 0.602064 0.91) (layer B.SilkS) (width 0.12))
    (fp_line (start 1.6 -0.8) (end -1.6 -0.8) (layer B.Fab) (width 0.1))
    (fp_line (start 1.6 0.8) (end 1.6 -0.8) (layer B.Fab) (width 0.1))
    (fp_line (start -1.6 0.8) (end 1.6 0.8) (layer B.Fab) (width 0.1))
    (fp_line (start -1.6 -0.8) (end -1.6 0.8) (layer B.Fab) (width 0.1))
    (pad 2 smd roundrect (at 1.4 0 90) (size 1.25 1.75) (layers B.Cu B.Paste B.Mask) (roundrect_rratio 0.2)
      (net 2 GND))
    (pad 1 smd roundrect (at -1.4 0 90) (size 1.25 1.75) (layers B.Cu B.Paste B.Mask) (roundrect_rratio 0.2)
      (net 1 +12V))
    (model ${KISYS3DMOD}/Capacitor_SMD.3dshapes/C_1206_3216Metric.wrl
      (at (xyz 0 0 0))
      (scale (xyz 1 1 1))
      (rotate (xyz 0 0 0))
    )
  )

  (module LED_SMD:LED_PLCC_2835 (layer F.Cu) (tedit 5C652239) (tstamp 5F41234B)
    (at 149.7 105.75 270)
    (descr https://www.luckylight.cn/media/component/data-sheet/R2835BC-B2M-M10.pdf)
    (tags LED)
    (path /5E785C2B)
    (attr smd)
    (fp_text reference D2 (at 0 -2.4 270) (layer F.SilkS) hide
      (effects (font (size 1 1) (thickness 0.15)))
    )
    (fp_text value LED (at 0 2.475 270) (layer F.Fab)
      (effects (font (size 1 1) (thickness 0.15)))
    )
    (fp_line (start -1.05 -1.4) (end -1.75 -0.7) (layer F.Fab) (width 0.1))
    (fp_line (start -2.2 -1.6) (end -2.2 1.6) (layer F.SilkS) (width 0.12))
    (fp_text user %R (at 0 0 270) (layer F.Fab)
      (effects (font (size 0.9 0.9) (thickness 0.135)))
    )
    (fp_line (start 1.75 1.4) (end -1.75 1.4) (layer F.Fab) (width 0.1))
    (fp_line (start -1.75 1.4) (end -1.75 -0.7) (layer F.Fab) (width 0.1))
    (fp_line (start -1.05 -1.4) (end 1.75 -1.4) (layer F.Fab) (width 0.1))
    (fp_line (start 1.75 -1.4) (end 1.75 1.4) (layer F.Fab) (width 0.1))
    (fp_line (start 1.4 1.6) (end -2.2 1.6) (layer F.SilkS) (width 0.12))
    (fp_line (start 1.4 -1.6) (end -2.2 -1.6) (layer F.SilkS) (width 0.12))
    (fp_line (start 2.25 1.65) (end -2.25 1.65) (layer F.CrtYd) (width 0.05))
    (fp_line (start -2.25 1.65) (end -2.25 -1.65) (layer F.CrtYd) (width 0.05))
    (fp_line (start -2.25 -1.65) (end 2.25 -1.65) (layer F.CrtYd) (width 0.05))
    (fp_line (start 2.25 -1.65) (end 2.25 1.65) (layer F.CrtYd) (width 0.05))
    (pad 2 smd rect (at 1.375 0 270) (size 1.25 2.2) (layers F.Cu F.Paste F.Mask)
      (net 3 "Net-(D1-Pad1)"))
    (pad 1 smd rect (at -0.9 0 270) (size 2.2 2.2) (layers F.Cu F.Paste F.Mask)
      (net 4 "Net-(D2-Pad1)"))
    (model D:/Dropbox/Kicad/libraries/3d_smd_leds/luxeon_2835.wrl
      (at (xyz 0 0 0))
      (scale (xyz 1 1 1))
      (rotate (xyz 0 0 0))
    )
  )

  (module LED_SMD:LED_PLCC_2835 (layer F.Cu) (tedit 5C652239) (tstamp 5F412339)
    (at 203.7 105.75 270)
    (descr https://www.luckylight.cn/media/component/data-sheet/R2835BC-B2M-M10.pdf)
    (tags LED)
    (path /5E785C2B)
    (attr smd)
    (fp_text reference D2 (at 0 -2.4 270) (layer F.SilkS) hide
      (effects (font (size 1 1) (thickness 0.15)))
    )
    (fp_text value LED (at 0 2.475 270) (layer F.Fab)
      (effects (font (size 1 1) (thickness 0.15)))
    )
    (fp_line (start -1.05 -1.4) (end -1.75 -0.7) (layer F.Fab) (width 0.1))
    (fp_line (start -2.2 -1.6) (end -2.2 1.6) (layer F.SilkS) (width 0.12))
    (fp_text user %R (at 0 0 270) (layer F.Fab)
      (effects (font (size 0.9 0.9) (thickness 0.135)))
    )
    (fp_line (start 1.75 1.4) (end -1.75 1.4) (layer F.Fab) (width 0.1))
    (fp_line (start -1.75 1.4) (end -1.75 -0.7) (layer F.Fab) (width 0.1))
    (fp_line (start -1.05 -1.4) (end 1.75 -1.4) (layer F.Fab) (width 0.1))
    (fp_line (start 1.75 -1.4) (end 1.75 1.4) (layer F.Fab) (width 0.1))
    (fp_line (start 1.4 1.6) (end -2.2 1.6) (layer F.SilkS) (width 0.12))
    (fp_line (start 1.4 -1.6) (end -2.2 -1.6) (layer F.SilkS) (width 0.12))
    (fp_line (start 2.25 1.65) (end -2.25 1.65) (layer F.CrtYd) (width 0.05))
    (fp_line (start -2.25 1.65) (end -2.25 -1.65) (layer F.CrtYd) (width 0.05))
    (fp_line (start -2.25 -1.65) (end 2.25 -1.65) (layer F.CrtYd) (width 0.05))
    (fp_line (start 2.25 -1.65) (end 2.25 1.65) (layer F.CrtYd) (width 0.05))
    (pad 2 smd rect (at 1.375 0 270) (size 1.25 2.2) (layers F.Cu F.Paste F.Mask)
      (net 3 "Net-(D1-Pad1)"))
    (pad 1 smd rect (at -0.9 0 270) (size 2.2 2.2) (layers F.Cu F.Paste F.Mask)
      (net 4 "Net-(D2-Pad1)"))
    (model D:/Dropbox/Kicad/libraries/3d_smd_leds/luxeon_2835.wrl
      (at (xyz 0 0 0))
      (scale (xyz 1 1 1))
      (rotate (xyz 0 0 0))
    )
  )

  (module LED_SMD:LED_PLCC_2835 (layer F.Cu) (tedit 5C652239) (tstamp 5F412327)
    (at 190.2 105.75 270)
    (descr https://www.luckylight.cn/media/component/data-sheet/R2835BC-B2M-M10.pdf)
    (tags LED)
    (path /5E785C2B)
    (attr smd)
    (fp_text reference D2 (at 0 -2.4 270) (layer F.SilkS) hide
      (effects (font (size 1 1) (thickness 0.15)))
    )
    (fp_text value LED (at 0 2.475 270) (layer F.Fab)
      (effects (font (size 1 1) (thickness 0.15)))
    )
    (fp_line (start 2.25 -1.65) (end 2.25 1.65) (layer F.CrtYd) (width 0.05))
    (fp_line (start -2.25 -1.65) (end 2.25 -1.65) (layer F.CrtYd) (width 0.05))
    (fp_line (start -2.25 1.65) (end -2.25 -1.65) (layer F.CrtYd) (width 0.05))
    (fp_line (start 2.25 1.65) (end -2.25 1.65) (layer F.CrtYd) (width 0.05))
    (fp_line (start 1.4 -1.6) (end -2.2 -1.6) (layer F.SilkS) (width 0.12))
    (fp_line (start 1.4 1.6) (end -2.2 1.6) (layer F.SilkS) (width 0.12))
    (fp_line (start 1.75 -1.4) (end 1.75 1.4) (layer F.Fab) (width 0.1))
    (fp_line (start -1.05 -1.4) (end 1.75 -1.4) (layer F.Fab) (width 0.1))
    (fp_line (start -1.75 1.4) (end -1.75 -0.7) (layer F.Fab) (width 0.1))
    (fp_line (start 1.75 1.4) (end -1.75 1.4) (layer F.Fab) (width 0.1))
    (fp_text user %R (at 0 0 270) (layer F.Fab)
      (effects (font (size 0.9 0.9) (thickness 0.135)))
    )
    (fp_line (start -2.2 -1.6) (end -2.2 1.6) (layer F.SilkS) (width 0.12))
    (fp_line (start -1.05 -1.4) (end -1.75 -0.7) (layer F.Fab) (width 0.1))
    (pad 1 smd rect (at -0.9 0 270) (size 2.2 2.2) (layers F.Cu F.Paste F.Mask)
      (net 4 "Net-(D2-Pad1)"))
    (pad 2 smd rect (at 1.375 0 270) (size 1.25 2.2) (layers F.Cu F.Paste F.Mask)
      (net 3 "Net-(D1-Pad1)"))
    (model D:/Dropbox/Kicad/libraries/3d_smd_leds/luxeon_2835.wrl
      (at (xyz 0 0 0))
      (scale (xyz 1 1 1))
      (rotate (xyz 0 0 0))
    )
  )

  (module LED_SMD:LED_PLCC_2835 (layer F.Cu) (tedit 5C652239) (tstamp 5F412315)
    (at 163.2 105.75 270)
    (descr https://www.luckylight.cn/media/component/data-sheet/R2835BC-B2M-M10.pdf)
    (tags LED)
    (path /5E785C2B)
    (attr smd)
    (fp_text reference D2 (at 0 -2.4 270) (layer F.SilkS) hide
      (effects (font (size 1 1) (thickness 0.15)))
    )
    (fp_text value LED (at 0 2.475 270) (layer F.Fab)
      (effects (font (size 1 1) (thickness 0.15)))
    )
    (fp_line (start 2.25 -1.65) (end 2.25 1.65) (layer F.CrtYd) (width 0.05))
    (fp_line (start -2.25 -1.65) (end 2.25 -1.65) (layer F.CrtYd) (width 0.05))
    (fp_line (start -2.25 1.65) (end -2.25 -1.65) (layer F.CrtYd) (width 0.05))
    (fp_line (start 2.25 1.65) (end -2.25 1.65) (layer F.CrtYd) (width 0.05))
    (fp_line (start 1.4 -1.6) (end -2.2 -1.6) (layer F.SilkS) (width 0.12))
    (fp_line (start 1.4 1.6) (end -2.2 1.6) (layer F.SilkS) (width 0.12))
    (fp_line (start 1.75 -1.4) (end 1.75 1.4) (layer F.Fab) (width 0.1))
    (fp_line (start -1.05 -1.4) (end 1.75 -1.4) (layer F.Fab) (width 0.1))
    (fp_line (start -1.75 1.4) (end -1.75 -0.7) (layer F.Fab) (width 0.1))
    (fp_line (start 1.75 1.4) (end -1.75 1.4) (layer F.Fab) (width 0.1))
    (fp_text user %R (at 0 0 270) (layer F.Fab)
      (effects (font (size 0.9 0.9) (thickness 0.135)))
    )
    (fp_line (start -2.2 -1.6) (end -2.2 1.6) (layer F.SilkS) (width 0.12))
    (fp_line (start -1.05 -1.4) (end -1.75 -0.7) (layer F.Fab) (width 0.1))
    (pad 1 smd rect (at -0.9 0 270) (size 2.2 2.2) (layers F.Cu F.Paste F.Mask)
      (net 4 "Net-(D2-Pad1)"))
    (pad 2 smd rect (at 1.375 0 270) (size 1.25 2.2) (layers F.Cu F.Paste F.Mask)
      (net 3 "Net-(D1-Pad1)"))
    (model D:/Dropbox/Kicad/libraries/3d_smd_leds/luxeon_2835.wrl
      (at (xyz 0 0 0))
      (scale (xyz 1 1 1))
      (rotate (xyz 0 0 0))
    )
  )

  (module LED_SMD:LED_PLCC_2835 (layer F.Cu) (tedit 5C652239) (tstamp 5F412303)
    (at 190.2 114.15 270)
    (descr https://www.luckylight.cn/media/component/data-sheet/R2835BC-B2M-M10.pdf)
    (tags LED)
    (path /5E785107)
    (attr smd)
    (fp_text reference D1 (at 0 -2.4 90) (layer F.SilkS) hide
      (effects (font (size 1 1) (thickness 0.15)))
    )
    (fp_text value LED (at 0 2.475 90) (layer F.Fab)
      (effects (font (size 1 1) (thickness 0.15)))
    )
    (fp_line (start 2.25 -1.65) (end 2.25 1.65) (layer F.CrtYd) (width 0.05))
    (fp_line (start -2.25 -1.65) (end 2.25 -1.65) (layer F.CrtYd) (width 0.05))
    (fp_line (start -2.25 1.65) (end -2.25 -1.65) (layer F.CrtYd) (width 0.05))
    (fp_line (start 2.25 1.65) (end -2.25 1.65) (layer F.CrtYd) (width 0.05))
    (fp_line (start 1.4 -1.6) (end -2.2 -1.6) (layer F.SilkS) (width 0.12))
    (fp_line (start 1.4 1.6) (end -2.2 1.6) (layer F.SilkS) (width 0.12))
    (fp_line (start 1.75 -1.4) (end 1.75 1.4) (layer F.Fab) (width 0.1))
    (fp_line (start -1.05 -1.4) (end 1.75 -1.4) (layer F.Fab) (width 0.1))
    (fp_line (start -1.75 1.4) (end -1.75 -0.7) (layer F.Fab) (width 0.1))
    (fp_line (start 1.75 1.4) (end -1.75 1.4) (layer F.Fab) (width 0.1))
    (fp_text user %R (at 0 0 90) (layer F.Fab)
      (effects (font (size 0.9 0.9) (thickness 0.135)))
    )
    (fp_line (start -2.2 -1.6) (end -2.2 1.6) (layer F.SilkS) (width 0.12))
    (fp_line (start -1.05 -1.4) (end -1.75 -0.7) (layer F.Fab) (width 0.1))
    (pad 1 smd rect (at -0.9 0 270) (size 2.2 2.2) (layers F.Cu F.Paste F.Mask)
      (net 3 "Net-(D1-Pad1)"))
    (pad 2 smd rect (at 1.375 0 270) (size 1.25 2.2) (layers F.Cu F.Paste F.Mask)
      (net 1 +12V))
    (model D:/Dropbox/Kicad/libraries/3d_smd_leds/luxeon_2835.wrl
      (at (xyz 0 0 0))
      (scale (xyz 1 1 1))
      (rotate (xyz 0 0 0))
    )
  )

  (module LED_SMD:LED_PLCC_2835 (layer F.Cu) (tedit 5C652239) (tstamp 5F4122F1)
    (at 176.7 114.15 270)
